0 0.434259 0.095833 0.020370 0.011458
0 0.454167 0.122917 0.021296 0.013542
0 0.437500 0.142708 0.019444 0.016667
0 0.344444 0.157292 0.024074 0.018750
0 0.437963 0.206510 0.031481 0.025521
0 0.302778 0.161458 0.024074 0.016667
0 0.323148 0.208333 0.035185 0.023958
0 0.281481 0.196354 0.033333 0.017708
0 0.405556 0.264323 0.037037 0.028646
0 0.193519 0.323177 0.051852 0.031771
0 0.343056 0.350781 0.043519 0.042188
0 0.422685 0.353906 0.050926 0.039062
0 0.137037 0.442448 0.074074 0.047396
1 0.270833 0.348698 0.069444 0.064062
0 0.340741 0.588281 0.081481 0.083854
0 0.127315 0.574479 0.099074 0.062500
0 0.830556 0.827344 0.144444 0.123438
0 0.790741 0.379427 0.055556 0.035937
0 0.742130 0.302344 0.060185 0.033854
0 0.697685 0.240625 0.052778 0.029167
0 0.578704 0.221354 0.031481 0.022917
0 0.630556 0.147396 0.027778 0.015625
0 0.624074 0.123177 0.020370 0.010937
0 0.542593 0.132552 0.022222 0.015104
0 0.513426 0.123698 0.026852 0.021354
0 0.536111 0.105469 0.020370 0.013021
