0 0.759722 0.746615 0.119444 0.091146
0 0.912500 0.517969 0.104630 0.061979
0 0.539815 0.281771 0.053704 0.042708
0 0.587500 0.248438 0.041667 0.025000
0 0.684722 0.229167 0.043519 0.028125
0 0.629630 0.180990 0.031481 0.021354
0 0.560648 0.177865 0.036111 0.022396
0 0.430556 0.242969 0.037037 0.029687
0 0.237037 0.287240 0.055556 0.029687
1 0.243981 0.329688 0.067593 0.058333
0 0.306944 0.238542 0.049074 0.030208
0 0.287500 0.218490 0.039815 0.020313
0 0.298148 0.185417 0.031481 0.020833
0 0.400463 0.199219 0.041667 0.029687
0 0.442593 0.189062 0.035185 0.025000
1 0.373148 0.170313 0.044444 0.033333
0 0.625000 0.138542 0.031481 0.013542
0 0.415741 0.150260 0.025926 0.015104
0 0.454630 0.142448 0.024074 0.015104
0 0.333796 0.134896 0.025000 0.018750
0 0.300000 0.132292 0.024074 0.013542
0 0.455556 0.110156 0.024074 0.014063
0 0.633796 0.107552 0.023148 0.013021
