0 0.114352 0.627865 0.110185 0.082812
0 0.936111 0.565365 0.105556 0.073438
0 0.655556 0.457813 0.072222 0.048958
0 0.325926 0.428646 0.061111 0.048958
0 0.366204 0.312240 0.039815 0.035937
0 0.655093 0.322396 0.047222 0.035417
0 0.696296 0.256771 0.046296 0.027083
0 0.631944 0.155469 0.034259 0.019271
0 0.375463 0.249740 0.043519 0.035937
0 0.293981 0.305469 0.039815 0.042188
1 0.324537 0.176563 0.032407 0.036458
1 0.412500 0.100260 0.023148 0.020313
0 0.429167 0.125521 0.023148 0.015625
0 0.521296 0.112240 0.016667 0.010937
0 0.306019 0.161198 0.021296 0.014063
0 0.327778 0.142187 0.018519 0.013542
0 0.302315 0.137760 0.017593 0.011979
0 0.457407 0.109896 0.020370 0.010417
0 0.462500 0.096094 0.017593 0.010937
0 0.537500 0.099479 0.019444 0.010417
