0 0.824537 0.902865 0.156481 0.151562
0 0.039815 0.851042 0.077778 0.128125
0 0.287500 0.536198 0.095370 0.065104
0 0.859722 0.465625 0.084259 0.059375
0 0.628704 0.382812 0.062963 0.045833
0 0.651389 0.294792 0.049074 0.035417
0 0.680556 0.230990 0.048148 0.026562
0 0.627778 0.145313 0.033333 0.021875
0 0.348148 0.369010 0.055556 0.043229
0 0.268519 0.346615 0.046296 0.041146
0 0.364352 0.283333 0.036111 0.031250
1 0.319907 0.185938 0.039815 0.038542
0 0.425463 0.133854 0.023148 0.017708
0 0.453704 0.120833 0.020370 0.014583
0 0.521296 0.103906 0.016667 0.009896
0 0.533333 0.092188 0.014815 0.008333
1 0.407407 0.105729 0.022222 0.019792
0 0.330093 0.149740 0.019444 0.014063
0 0.305556 0.145052 0.022222 0.014063
0 0.302778 0.171875 0.024074 0.016667
