0 0.041204 0.803646 0.080556 0.117708
0 0.273148 0.576562 0.100000 0.070833
0 0.572222 0.434635 0.068519 0.058854
0 0.615741 0.333073 0.059259 0.036979
0 0.723611 0.276042 0.054630 0.032292
0 0.577778 0.220573 0.038889 0.028646
0 0.636111 0.207292 0.040741 0.027083
0 0.635185 0.159115 0.031481 0.018229
1 0.279630 0.263542 0.057407 0.051042
0 0.268056 0.232813 0.034259 0.025000
1 0.390741 0.144271 0.033333 0.032292
0 0.441667 0.184896 0.040741 0.022917
0 0.410185 0.172917 0.031481 0.030208
0 0.449537 0.149740 0.028704 0.020313
0 0.322685 0.200521 0.030556 0.025000
0 0.304630 0.187500 0.024074 0.018750
0 0.306481 0.160417 0.029630 0.017708
0 0.628241 0.116667 0.021296 0.017708
0 0.425000 0.129427 0.022222 0.011979
0 0.446296 0.117188 0.020370 0.008333
0 0.459259 0.093490 0.016667 0.011979
0 0.318519 0.119010 0.020370 0.014063
0 0.288889 0.118750 0.024074 0.010417
