0 0.219907 0.717708 0.121296 0.101042
0 0.725463 0.637240 0.106481 0.089063
0 0.812963 0.398438 0.074074 0.039583
0 0.609722 0.324219 0.049074 0.032813
0 0.646759 0.267188 0.050926 0.032292
0 0.662500 0.205208 0.034259 0.025000
0 0.349074 0.327344 0.048148 0.038021
0 0.329167 0.451042 0.069444 0.055208
0 0.234259 0.409115 0.064815 0.054688
1 0.311111 0.201563 0.044444 0.039583
1 0.405556 0.114062 0.025926 0.029167
0 0.627315 0.137240 0.025000 0.018229
0 0.424074 0.142187 0.022222 0.017708
0 0.453704 0.133073 0.024074 0.014063
0 0.455093 0.113802 0.019444 0.013021
0 0.521296 0.096615 0.014815 0.007812
0 0.531019 0.085417 0.017593 0.008333
0 0.295370 0.185417 0.025926 0.014583
0 0.331481 0.160417 0.022222 0.016667
0 0.307407 0.154688 0.022222 0.016667
0 0.301852 0.133333 0.020370 0.014583
0 0.434722 0.104688 0.017593 0.011458
0 0.427778 0.092708 0.016667 0.009375
