1 0.079167 0.650521 0.139815 0.142708
1 0.318519 0.262240 0.061111 0.048438
0 0.059259 0.522917 0.098148 0.064583
0 0.369907 0.558594 0.080556 0.071354
0 0.930556 0.564844 0.105556 0.071354
0 0.800926 0.393750 0.083333 0.053125
0 0.739815 0.296615 0.053704 0.041146
0 0.606944 0.294792 0.045370 0.037500
0 0.641667 0.169010 0.035185 0.022396
0 0.624537 0.136719 0.028704 0.019271
0 0.548148 0.157292 0.025926 0.020833
0 0.518519 0.155990 0.033333 0.026562
0 0.405093 0.356771 0.058333 0.058333
0 0.230556 0.391667 0.074074 0.042708
0 0.212963 0.332292 0.062963 0.039583
0 0.367593 0.279687 0.053704 0.032292
0 0.440278 0.239063 0.045370 0.027083
0 0.397685 0.210938 0.043519 0.025000
0 0.243519 0.258594 0.042593 0.026562
0 0.338426 0.175521 0.037963 0.023958
0 0.298611 0.168490 0.032407 0.019271
0 0.443981 0.163542 0.041667 0.021875
0 0.337963 0.137240 0.025926 0.017188
0 0.299537 0.139844 0.026852 0.013021
0 0.435185 0.120573 0.024074 0.016146
0 0.456481 0.105990 0.016667 0.011979
0 0.542130 0.124479 0.021296 0.012500
0 0.631944 0.108333 0.021296 0.011458
