0 0.690741 0.547396 0.087037 0.063542
0 0.984259 0.683594 0.031481 0.057813
0 0.851852 0.437240 0.081481 0.055729
0 0.670370 0.212240 0.037037 0.029687
0 0.627778 0.168490 0.027778 0.020313
0 0.627315 0.128646 0.026852 0.020833
0 0.556019 0.163281 0.023148 0.017188
0 0.573611 0.219271 0.028704 0.023958
0 0.532870 0.240365 0.043519 0.034896
0 0.422685 0.286719 0.043519 0.031771
0 0.438889 0.214844 0.037037 0.029687
0 0.453704 0.157292 0.022222 0.014583
0 0.455556 0.119792 0.018519 0.017708
0 0.409259 0.163542 0.031481 0.022917
0 0.395833 0.215365 0.030556 0.029687
1 0.365278 0.188542 0.034259 0.037500
1 0.218981 0.376563 0.075000 0.070833
0 0.207870 0.322917 0.065741 0.030208
0 0.298611 0.264062 0.047222 0.026042
0 0.279167 0.240885 0.050926 0.024479
0 0.284722 0.198698 0.043519 0.018229
0 0.340741 0.140365 0.025926 0.020313
0 0.304630 0.137760 0.029630 0.017188
0 0.308333 0.114583 0.022222 0.012500
0 0.441667 0.095833 0.020370 0.012500
0 0.460185 0.088542 0.016667 0.011458
0 0.638889 0.101823 0.022222 0.008854
