1 0.179167 0.512240 0.112037 0.110937
0 0.022685 0.653906 0.043519 0.079687
0 0.377778 0.631510 0.092593 0.084896
0 0.306019 0.460677 0.056481 0.061979
0 0.118056 0.429948 0.067593 0.051562
0 0.399537 0.347656 0.049074 0.038021
0 0.431481 0.271354 0.044444 0.031250
0 0.299537 0.255208 0.041667 0.035417
0 0.255556 0.230729 0.044444 0.026042
0 0.289815 0.187760 0.029630 0.019271
0 0.350463 0.186198 0.030556 0.025521
0 0.437037 0.176563 0.029630 0.021875
0 0.449074 0.144271 0.027778 0.021875
0 0.429630 0.108854 0.022222 0.018750
0 0.660185 0.417448 0.064815 0.049479
0 0.726852 0.286458 0.059259 0.030208
0 0.698611 0.242708 0.049074 0.033333
0 0.672685 0.201302 0.041667 0.026562
0 0.561574 0.172396 0.030556 0.020833
0 0.627315 0.128125 0.023148 0.016667
