0 0.312037 0.869792 0.127778 0.133333
0 0.387963 0.604167 0.087037 0.084375
0 0.191667 0.482031 0.083333 0.066146
0 0.156944 0.359375 0.062037 0.044792
0 0.240278 0.282292 0.047222 0.032292
0 0.318519 0.153906 0.035185 0.024479
0 0.328241 0.293490 0.049074 0.036979
0 0.426389 0.298958 0.052778 0.034375
0 0.439352 0.219792 0.034259 0.031250
0 0.413889 0.153125 0.029630 0.020833
0 0.436111 0.111458 0.025926 0.016667
0 0.645370 0.381250 0.064815 0.047917
0 0.574537 0.198698 0.041667 0.027604
0 0.538426 0.118490 0.023148 0.020313
0 0.641204 0.150521 0.034259 0.020833
0 0.662037 0.196094 0.033333 0.018229
0 0.649537 0.175781 0.043519 0.021354
1 0.805093 0.387500 0.078704 0.056250
