0 0.316667 0.888802 0.116667 0.149479
0 0.688426 0.936198 0.132407 0.127604
0 0.659259 0.418229 0.064815 0.045833
0 0.731481 0.292708 0.050000 0.033333
0 0.346759 0.354687 0.060185 0.039583
0 0.288426 0.284375 0.045370 0.031250
0 0.410185 0.254688 0.037037 0.030208
1 0.643981 0.175781 0.032407 0.026562
0 0.548611 0.139323 0.025000 0.023438
0 0.447685 0.167708 0.037963 0.023958
0 0.529167 0.095312 0.019444 0.012500
0 0.461574 0.089063 0.015741 0.012500
0 0.439352 0.100521 0.021296 0.009375
0 0.289352 0.116667 0.025000 0.012500
0 0.619907 0.126042 0.019444 0.012500
0 0.626389 0.116146 0.021296 0.009375
0 0.640278 0.107552 0.021296 0.011979
