0 0.160648 0.854688 0.139815 0.138542
0 0.351852 0.639323 0.098148 0.091146
0 0.688426 0.493229 0.076852 0.069792
0 0.409259 0.470313 0.068519 0.061458
0 0.234722 0.394010 0.069444 0.047396
0 0.190278 0.319271 0.065741 0.042708
0 0.254167 0.251823 0.036111 0.026562
0 0.337037 0.256510 0.042593 0.031771
0 0.431019 0.257292 0.043519 0.029167
0 0.442130 0.194531 0.032407 0.027604
0 0.417130 0.139063 0.036111 0.022917
0 0.434259 0.102865 0.020370 0.013021
0 0.315278 0.142187 0.026852 0.017708
0 0.586111 0.229167 0.038889 0.027083
0 0.541667 0.128906 0.029630 0.018229
0 0.644444 0.159375 0.035185 0.022917
0 0.673148 0.213021 0.035185 0.022917
0 0.658333 0.187240 0.038889 0.023438
1 0.868056 0.472396 0.089815 0.070833
