0 0.080556 0.935417 0.159259 0.126042
0 0.830093 0.837500 0.139815 0.133333
0 0.055093 0.656250 0.099074 0.088542
0 0.394444 0.488021 0.077778 0.070833
0 0.800926 0.386198 0.064815 0.038021
0 0.563426 0.171875 0.030556 0.025000
0 0.454167 0.138802 0.025000 0.022396
0 0.418519 0.192969 0.029630 0.021354
0 0.381019 0.263542 0.034259 0.026042
0 0.304167 0.232813 0.032407 0.028125
0 0.621296 0.141146 0.022222 0.011458
0 0.627778 0.128385 0.022222 0.010937
0 0.635648 0.116667 0.019444 0.011458
1 0.666667 0.208594 0.033333 0.024479
0 0.536574 0.112760 0.019444 0.014063
