0 0.241667 0.785417 0.111111 0.116667
0 0.118056 0.607292 0.099074 0.085417
0 0.306944 0.461719 0.063889 0.053646
0 0.604630 0.579688 0.100000 0.089583
0 0.640741 0.397917 0.062963 0.051042
0 0.746296 0.304167 0.053704 0.035417
0 0.586574 0.245312 0.041667 0.031250
0 0.639352 0.226042 0.039815 0.031250
0 0.640741 0.172917 0.031481 0.018750
1 0.293519 0.239063 0.053704 0.043750
1 0.393519 0.132292 0.029630 0.027083
0 0.447222 0.165365 0.027778 0.018229
0 0.415741 0.161979 0.025926 0.018750
0 0.451852 0.137760 0.024074 0.017188
0 0.627315 0.123958 0.017593 0.011458
0 0.428704 0.120573 0.018519 0.011979
0 0.440741 0.107813 0.018519 0.008333
0 0.460648 0.086979 0.017593 0.012500
0 0.328704 0.185417 0.025926 0.017708
0 0.280093 0.216667 0.032407 0.019792
0 0.308333 0.176563 0.024074 0.020833
0 0.306481 0.151042 0.024074 0.016667
0 0.520370 0.084375 0.016667 0.009375
