1 0.141204 0.519531 0.108333 0.099479
0 0.124537 0.433594 0.095370 0.050521
0 0.395370 0.427344 0.064815 0.053646
0 0.855093 0.460417 0.089815 0.056250
0 0.624537 0.349219 0.067593 0.039062
0 0.768056 0.334115 0.069444 0.041146
0 0.647685 0.182292 0.045370 0.023958
0 0.257407 0.336719 0.050000 0.035937
0 0.239352 0.292708 0.052778 0.031250
0 0.418519 0.292708 0.061111 0.040625
0 0.523148 0.176563 0.042593 0.029167
0 0.556019 0.176042 0.030556 0.020833
0 0.624537 0.147917 0.032407 0.019792
0 0.545370 0.135417 0.031481 0.015625
0 0.259722 0.233594 0.047222 0.029687
0 0.379167 0.254167 0.047222 0.030208
0 0.445833 0.204687 0.037963 0.022917
0 0.401852 0.192448 0.035185 0.024479
0 0.451852 0.146094 0.027778 0.017188
1 0.338889 0.230469 0.055556 0.039062
0 0.341667 0.164062 0.033333 0.027083
0 0.304630 0.157812 0.037037 0.020833
0 0.330093 0.127865 0.021296 0.014063
0 0.295370 0.132031 0.022222 0.015104
0 0.434722 0.110156 0.019444 0.013021
0 0.458796 0.099219 0.017593 0.013021
0 0.628241 0.114844 0.026852 0.013021
