1 0.030093 0.819792 0.058333 0.130208
1 0.301389 0.301563 0.056481 0.058333
0 0.325000 0.794792 0.109259 0.117708
0 0.189815 0.464583 0.087037 0.050000
0 0.181019 0.379167 0.067593 0.051042
0 0.380556 0.445573 0.068519 0.061979
0 0.433796 0.286719 0.049074 0.036979
0 0.356944 0.313542 0.045370 0.039583
0 0.220370 0.285938 0.040741 0.030208
0 0.401852 0.232813 0.050000 0.026042
0 0.439815 0.182812 0.038889 0.022917
0 0.332407 0.189844 0.044444 0.021354
0 0.293056 0.179948 0.030556 0.022396
0 0.342130 0.146615 0.032407 0.020313
0 0.306019 0.149740 0.030556 0.014063
0 0.853704 0.455990 0.112963 0.050521
0 0.768981 0.342187 0.067593 0.045833
0 0.714815 0.264844 0.055556 0.032813
0 0.592130 0.254167 0.043519 0.023958
0 0.634259 0.157812 0.037037 0.015625
0 0.513889 0.137760 0.025926 0.022396
0 0.544907 0.142187 0.023148 0.018750
0 0.626389 0.128906 0.025000 0.016146
0 0.436111 0.130469 0.020370 0.014063
0 0.454630 0.115104 0.018519 0.012500
0 0.539815 0.114844 0.016667 0.011979
0 0.637963 0.102344 0.020370 0.011979
0 0.436574 0.088542 0.017593 0.011458
