0 0.303704 0.955208 0.114815 0.089583
1 0.096296 0.664323 0.168519 0.150521
0 0.277778 0.549219 0.096296 0.074479
0 0.056944 0.511719 0.082407 0.058854
0 0.395370 0.411719 0.059259 0.051562
0 0.426389 0.320573 0.052778 0.041146
0 0.283796 0.289062 0.052778 0.040625
0 0.239352 0.253906 0.049074 0.031771
0 0.281944 0.205469 0.043519 0.027604
0 0.350463 0.204948 0.039815 0.029687
0 0.436574 0.198958 0.028704 0.025000
0 0.448611 0.158594 0.025000 0.022396
0 0.629167 0.330990 0.058333 0.043229
0 0.708333 0.253906 0.040741 0.030729
0 0.684259 0.223698 0.040741 0.027604
0 0.658333 0.184115 0.044444 0.029687
0 0.558333 0.154688 0.035185 0.021875
0 0.630556 0.125000 0.029630 0.021875
0 0.426389 0.116667 0.030556 0.015625
0 0.301852 0.126042 0.029630 0.016667
