0 0.356944 0.830729 0.117593 0.129167
0 0.122222 0.611719 0.116667 0.095312
0 0.122222 0.418490 0.085185 0.061979
0 0.223148 0.319010 0.061111 0.040104
0 0.316667 0.342187 0.062963 0.045833
0 0.418981 0.354167 0.054630 0.042708
0 0.433796 0.249479 0.041667 0.031250
0 0.621759 0.309896 0.054630 0.043750
0 0.408333 0.168229 0.037037 0.019792
0 0.430556 0.121875 0.027778 0.021875
0 0.317593 0.162240 0.033333 0.021354
0 0.460185 0.094792 0.022222 0.018750
0 0.565278 0.171094 0.028704 0.025521
0 0.637500 0.104167 0.025000 0.015625
0 0.534259 0.108854 0.029630 0.021875
0 0.638889 0.143229 0.038889 0.021875
0 0.642130 0.163021 0.032407 0.015625
0 0.650926 0.181510 0.031481 0.015104
1 0.763889 0.334115 0.064815 0.052604
