1 0.704167 0.255208 0.052778 0.037500
0 0.018519 0.592969 0.035185 0.061979
0 0.386111 0.542188 0.075926 0.062500
0 0.261111 0.508073 0.083333 0.074479
0 0.162963 0.435156 0.074074 0.056771
0 0.422222 0.335938 0.042593 0.047917
0 0.313426 0.192969 0.032407 0.020313
0 0.398148 0.207292 0.038889 0.026042
0 0.425463 0.150781 0.032407 0.021354
0 0.457870 0.113021 0.023148 0.017708
0 0.549074 0.136458 0.031481 0.022917
0 0.583796 0.224479 0.043519 0.030208
0 0.632407 0.161198 0.027778 0.018229
0 0.632407 0.143490 0.027778 0.014063
0 0.633333 0.127604 0.027778 0.018750
0 0.939815 0.578385 0.103704 0.079687
