0 0.200463 0.776042 0.119444 0.107292
0 0.967593 0.627865 0.064815 0.080729
0 0.555556 0.346094 0.057407 0.051562
0 0.599537 0.283594 0.039815 0.040104
0 0.702315 0.251042 0.045370 0.033333
0 0.633333 0.193490 0.044444 0.023438
0 0.568981 0.198698 0.028704 0.022396
0 0.630093 0.147917 0.034259 0.020833
0 0.437500 0.211198 0.034259 0.027604
0 0.448148 0.168490 0.031481 0.020313
0 0.406019 0.183594 0.028704 0.025521
0 0.419444 0.139844 0.025926 0.018229
1 0.381944 0.155469 0.030556 0.029687
1 0.265741 0.292969 0.064815 0.054688
0 0.253241 0.259115 0.045370 0.022396
0 0.318519 0.218490 0.038889 0.027604
0 0.299074 0.203385 0.027778 0.021354
0 0.303704 0.170573 0.027778 0.019271
0 0.328241 0.126042 0.021296 0.017708
0 0.631481 0.112760 0.020370 0.010937
0 0.451389 0.129688 0.023148 0.011458
0 0.457407 0.102083 0.018519 0.011458
0 0.295370 0.125260 0.024074 0.013021
0 0.444907 0.083073 0.017593 0.006771
