0 0.260185 0.871354 0.140741 0.161458
0 0.045833 0.749219 0.089815 0.104688
0 0.075463 0.532813 0.091667 0.068750
0 0.403704 0.457292 0.062963 0.056250
0 0.331019 0.399219 0.056481 0.052604
1 0.236111 0.415365 0.085185 0.079687
0 0.157407 0.372396 0.066667 0.046875
0 0.404630 0.300781 0.053704 0.038021
0 0.435648 0.236198 0.043519 0.030729
0 0.312963 0.229687 0.044444 0.028125
0 0.266204 0.210417 0.049074 0.023958
0 0.348148 0.170052 0.040741 0.019271
0 0.295833 0.173698 0.028704 0.023438
0 0.718519 0.557552 0.094444 0.074479
0 0.752778 0.324219 0.059259 0.035937
0 0.723148 0.271615 0.051852 0.034896
0 0.687037 0.220833 0.048148 0.033333
0 0.570370 0.195833 0.037037 0.022917
0 0.438889 0.159115 0.033333 0.018229
0 0.628704 0.138021 0.027778 0.016667
0 0.452778 0.132031 0.024074 0.020313
0 0.509722 0.110937 0.021296 0.020833
