0 0.774074 0.740365 0.122222 0.095312
0 0.223611 0.407813 0.069444 0.047917
0 0.668056 0.399740 0.058333 0.041146
0 0.756019 0.334635 0.060185 0.040104
0 0.374537 0.298698 0.054630 0.038021
0 0.331019 0.239844 0.041667 0.035937
0 0.391667 0.235417 0.040741 0.027083
0 0.389352 0.201823 0.030556 0.021354
0 0.643056 0.180469 0.036111 0.021354
0 0.524074 0.132292 0.031481 0.018750
1 0.331481 0.154167 0.027778 0.030208
1 0.418519 0.087760 0.022222 0.018229
0 0.435185 0.113021 0.018519 0.013542
0 0.542130 0.116667 0.019444 0.011458
0 0.306944 0.144010 0.021296 0.011979
