1 0.684259 0.228646 0.048148 0.031250
0 0.857870 0.466927 0.071296 0.054688
0 0.573148 0.193750 0.035185 0.028125
0 0.540741 0.122656 0.024074 0.023438
0 0.627315 0.151302 0.023148 0.016146
0 0.631481 0.135677 0.027778 0.011979
0 0.634722 0.122656 0.030556 0.014063
0 0.454167 0.126823 0.023148 0.019271
0 0.420833 0.172135 0.025000 0.020313
0 0.390278 0.230729 0.036111 0.025000
0 0.407870 0.401302 0.058333 0.054688
0 0.357407 0.723958 0.098148 0.105208
0 0.194907 0.666667 0.119444 0.103125
0 0.114815 0.523177 0.088889 0.070312
0 0.309722 0.210417 0.037963 0.027083
