0 0.045833 0.822396 0.089815 0.134375
0 0.063889 0.491927 0.075926 0.059896
0 0.292130 0.409115 0.065741 0.053646
0 0.405556 0.427865 0.055556 0.048438
0 0.193981 0.365885 0.063889 0.042188
0 0.429630 0.287240 0.040741 0.035937
0 0.404630 0.185938 0.027778 0.019792
0 0.314352 0.177083 0.032407 0.022917
0 0.427315 0.136198 0.028704 0.017188
0 0.555093 0.153125 0.028704 0.018750
0 0.600000 0.259635 0.046296 0.032813
0 0.634722 0.132552 0.034259 0.023438
0 0.639815 0.152865 0.029630 0.016146
0 0.640278 0.170573 0.037963 0.018229
1 0.729167 0.290104 0.054630 0.041667
