1 0.041667 0.887500 0.081481 0.139583
0 0.232870 0.669010 0.099074 0.100521
0 0.379630 0.500000 0.072222 0.064583
0 0.758796 0.677604 0.115741 0.101042
1 0.950463 0.596094 0.099074 0.092188
0 0.606019 0.270313 0.050926 0.032292
0 0.689815 0.230990 0.035185 0.024479
0 0.672685 0.205990 0.036111 0.022396
0 0.650926 0.171615 0.040741 0.026562
0 0.546759 0.141146 0.037963 0.022917
0 0.630093 0.116927 0.025000 0.019271
0 0.445833 0.178385 0.028704 0.031771
0 0.419444 0.127344 0.027778 0.018229
0 0.307407 0.132292 0.025926 0.017708
0 0.343519 0.226042 0.035185 0.028125
0 0.419907 0.383333 0.047222 0.046875
0 0.262963 0.334115 0.053704 0.042188
0 0.215741 0.282552 0.051852 0.034896
0 0.271759 0.226562 0.039815 0.027083
