0 0.120833 0.976042 0.139815 0.047917
0 0.660185 0.846615 0.151852 0.159896
0 0.296759 0.572396 0.087963 0.068750
0 0.189815 0.486198 0.075926 0.065104
0 0.669907 0.491146 0.075000 0.057292
0 0.335648 0.384115 0.062037 0.045312
0 0.775926 0.344271 0.062963 0.037500
0 0.596759 0.281510 0.047222 0.030729
0 0.642130 0.244792 0.039815 0.030208
0 0.652778 0.187240 0.038889 0.021354
1 0.302778 0.218490 0.044444 0.039062
1 0.400000 0.121615 0.031481 0.029687
0 0.420370 0.151042 0.027778 0.026042
0 0.452778 0.145313 0.024074 0.022917
0 0.289815 0.198437 0.033333 0.017708
0 0.334259 0.170573 0.025926 0.016146
0 0.308796 0.163542 0.026852 0.014583
0 0.304630 0.140625 0.020370 0.013542
0 0.454167 0.123958 0.021296 0.016667
0 0.625926 0.130990 0.020370 0.011979
0 0.521296 0.090885 0.016667 0.010937
0 0.431944 0.113021 0.023148 0.011458
0 0.434259 0.099479 0.020370 0.011458
